---
build/images/abwesend.png: 2017-09-20 23:39:19.511725715 +00:00
build/images/camera.png: 2017-09-20 23:39:12.971725715 +00:00
build/images/circle.png: 2017-09-20 23:39:13.263725715 +00:00
build/images/instagram.png: 2017-09-20 23:39:15.891725715 +00:00
build/images/location.png: 2017-09-20 23:39:12.551725715 +00:00
build/images/location2.png: 2017-09-20 23:39:12.447725715 +00:00
build/images/location_red.png: 2017-09-20 23:39:13.507725715 +00:00
build/images/logo.png: 2017-09-20 23:39:17.779725715 +00:00
build/images/plane.png: 2017-09-20 23:39:19.047725715 +00:00
build/images/point.png: 2017-09-20 23:39:14.295725715 +00:00
build/images/time.png: 2017-09-20 23:39:12.219725715 +00:00
build/images/sharing.jpg: 2017-09-20 23:39:12.503725715 +00:00
build/images/travel-bg.jpg: 2017-09-20 23:39:12.595725715 +00:00
build/images/twitter.png: 2017-09-20 23:39:15.575725715 +00:00
